<?xml version="1.0" encoding="UTF-8"?>
<map version="1.10" tiledversion="1.11.0" orientation="orthogonal" renderorder="right-down" width="40" height="23" tilewidth="16" tileheight="16" infinite="0" nextlayerid="4" nextobjectid="32">
 <tileset firstgid="1" source="pixel Adventure"/>
 <layer id="1" name="Background" width="40" height="23">
  <data encoding="csv">
24,24,24,24,24,24,24,24,24,24,24,24,24,24,24,24,24,24,24,24,24,24,24,24,24,24,24,24,24,24,24,24,24,24,24,24,24,24,24,24,
24,24,24,24,24,24,24,24,24,24,24,24,24,24,24,24,24,24,24,24,24,24,24,24,24,24,24,24,24,24,24,24,24,24,24,24,24,24,24,24,
24,24,24,24,24,24,24,24,24,24,112,24,24,24,24,24,24,24,24,24,24,24,24,24,24,24,24,24,24,24,24,24,24,24,24,24,24,24,24,24,
24,24,24,24,24,24,24,24,24,24,24,24,24,24,24,24,24,112,24,24,24,24,24,24,24,24,24,24,24,24,24,24,24,24,24,24,24,24,24,24,
24,24,24,24,212,213,212,213,212,213,212,213,212,213,212,213,212,213,212,213,212,213,212,213,212,213,212,213,212,213,212,213,212,213,212,213,24,24,24,24,
24,24,24,24,234,235,234,235,234,235,234,235,234,235,234,235,234,235,234,235,234,235,234,235,234,235,234,235,234,235,234,235,234,235,234,235,24,24,24,24,
24,24,24,212,213,0,0,0,0,0,0,0,0,0,0,0,0,0,0,0,0,0,0,0,0,0,0,0,0,0,0,0,0,0,0,212,213,24,24,24,
24,24,24,234,235,0,0,0,0,0,0,0,0,0,0,0,0,0,0,0,0,0,0,0,0,0,0,0,0,0,0,0,0,0,0,234,235,24,24,24,
24,24,24,212,213,0,0,0,0,0,0,0,0,0,0,0,0,0,0,0,0,0,0,0,0,0,0,0,0,0,0,0,0,0,0,212,213,24,24,24,
24,24,24,234,235,40,41,42,0,0,0,0,0,0,0,0,0,0,0,0,13,14,15,0,0,0,0,0,0,0,0,0,0,0,0,234,235,24,24,24,
24,24,24,212,213,0,0,0,0,0,0,0,0,0,0,0,0,0,0,0,0,0,0,0,0,0,0,0,0,0,0,0,0,0,0,212,213,24,24,24,
24,24,24,234,235,0,0,0,0,0,0,0,0,0,13,14,15,0,0,0,0,0,0,0,0,0,0,0,0,40,41,42,95,95,97,234,235,24,24,24,
24,24,24,212,213,40,41,42,0,0,0,0,0,0,0,0,0,0,0,0,0,0,0,0,40,41,42,0,0,0,0,0,140,140,119,212,213,24,24,24,
24,24,24,234,235,0,0,0,0,0,0,0,0,0,0,0,0,0,0,0,0,0,0,0,0,0,0,0,0,0,0,0,140,140,140,234,235,24,24,24,
24,24,24,212,213,53,0,0,0,0,0,0,0,0,0,0,0,0,0,0,0,0,0,0,0,0,0,0,0,0,0,0,140,140,140,212,213,24,24,24,
24,24,24,234,235,95,96,97,95,96,97,95,96,97,0,0,0,0,0,0,0,0,0,0,0,0,0,0,0,0,95,96,97,95,97,234,235,24,24,24,
24,24,24,212,213,117,118,119,117,118,119,117,118,119,0,0,0,0,0,0,0,0,0,0,0,0,0,0,0,0,117,118,119,117,119,212,213,24,24,24,
24,24,24,234,235,139,140,141,139,140,141,139,140,141,0,0,0,0,0,0,0,0,0,0,0,0,0,0,0,0,139,140,141,139,141,234,235,24,24,24,
24,24,24,24,212,213,212,213,212,213,212,213,212,213,212,213,212,213,212,213,212,213,212,213,212,213,212,213,212,213,212,213,212,213,212,213,24,24,24,24,
24,24,24,24,234,235,234,235,234,235,234,235,234,235,234,235,234,235,234,235,234,235,234,235,234,235,234,235,234,235,234,235,234,235,234,235,24,24,24,24,
24,24,24,24,24,24,24,24,24,24,24,24,24,24,24,24,24,24,24,24,24,24,24,24,24,24,24,24,24,24,24,24,24,24,24,24,24,24,24,24,
24,24,24,24,24,24,24,24,24,24,24,24,24,24,24,24,24,24,24,24,24,24,24,24,24,24,24,24,24,24,24,24,24,24,24,24,24,24,24,24,
24,24,24,24,24,24,24,24,24,24,24,24,24,24,24,24,24,24,24,24,24,24,24,24,24,24,24,24,24,24,24,24,24,24,24,24,24,24,24,24
</data>
 </layer>
 <objectgroup id="2" name="Spawnpoints">
  <object id="1" name="Checkpoint" type="Checkpoint" x="496" y="112" width="64" height="64"/>
  <object id="2" name="Player" type="Player" x="240" y="224" width="37.64" height="44.66"/>
  <object id="3" name="Kiwi" type="Fruit" x="144" y="160" width="32" height="32"/>
  <object id="4" name="Orange" type="Fruit" x="336" y="208" width="32" height="32"/>
  <object id="5" name="Melon" type="Fruit" x="240" y="128" width="32" height="32"/>
  <object id="6" name="Orange" type="Fruit" x="320" y="112" width="32" height="32"/>
  <object id="7" name="Orange" type="Fruit" x="400" y="240" width="32" height="32"/>
  <object id="8" name="Strawberry" type="Fruit" x="384" y="112" width="32" height="32"/>
  <object id="9" name="Apple" type="Fruit" x="96" y="112" width="32" height="32"/>
  <object id="11" name="Bananas" type="Fruit" x="96" y="160" width="32" height="32"/>
  <object id="12" name="Cherries" type="Fruit" x="112" y="208" width="32" height="32"/>
  <object id="13" name="Apple" type="Fruit" x="176" y="208" width="32" height="32"/>
  <object id="15" name="Pineapple" type="Fruit" x="464" y="192" width="32" height="32"/>
  <object id="16" name="Pineapple" type="Fruit" x="400" y="160" width="32" height="32"/>
  <object id="17" name="Strawberry" type="Fruit" x="448" y="144" width="32" height="32"/>
 </objectgroup>
 <objectgroup id="3" name="Collisions">
  <object id="18" x="64" y="64" width="512" height="32"/>
  <object id="19" x="560" y="96" width="32" height="192"/>
  <object id="20" x="64" y="288" width="512" height="32"/>
  <object id="21" x="48" y="96" width="32" height="192"/>
  <object id="22" x="80" y="240" width="144" height="48"/>
  <object id="23" x="80" y="224" width="16" height="16"/>
  <object id="24" type="Platform" x="224" y="176" width="48" height="16"/>
  <object id="25" type="Platform" x="320" y="144" width="48" height="16"/>
  <object id="26" type="Platform" x="80" y="144" width="48" height="16"/>
  <object id="27" type="Platform" x="80" y="192" width="48" height="16"/>
  <object id="28" type="Platform" x="384" y="192" width="48" height="16"/>
  <object id="29" type="Platform" x="464" y="176" width="48" height="16"/>
  <object id="30" x="512" y="176" width="48" height="64"/>
  <object id="31" x="480" y="240" width="80" height="48"/>
 </objectgroup>
</map>
