<?xml version="1.0" encoding="UTF-8"?>
<map version="1.10" tiledversion="1.11.0" orientation="orthogonal" renderorder="right-down" width="40" height="23" tilewidth="16" tileheight="16" infinite="0" nextlayerid="4" nextobjectid="29">
 <tileset firstgid="1" source="pixel Adventure"/>
 <layer id="1" name="Background" width="40" height="23">
  <data encoding="csv">
24,24,24,24,24,24,24,24,24,24,24,24,24,24,24,24,24,24,24,24,24,24,24,24,24,24,24,24,24,24,24,24,24,24,24,24,24,24,24,24,
24,24,24,24,24,24,24,24,24,24,24,24,24,24,24,24,24,24,24,24,24,24,24,24,24,24,24,24,24,24,24,24,24,24,24,24,24,24,24,24,
24,24,24,24,24,24,24,24,24,24,24,24,24,24,24,24,24,24,24,24,24,24,24,24,24,24,24,24,24,24,24,24,24,24,24,24,24,24,24,24,
24,24,24,24,24,24,24,24,24,24,24,24,24,24,24,24,24,24,24,24,24,24,24,24,24,24,24,24,24,24,24,24,24,24,24,24,24,24,24,24,
24,24,24,24,24,24,24,24,24,24,24,24,24,24,24,24,24,24,24,24,24,24,24,24,24,24,24,24,24,24,24,24,24,24,24,24,24,24,24,24,
24,24,24,24,59,59,59,59,59,59,59,59,59,59,59,59,59,59,59,59,59,59,59,59,59,59,59,59,59,59,59,59,59,59,59,59,24,24,24,24,
24,24,24,24,59,0,0,0,0,0,0,0,0,0,0,0,0,0,0,0,0,0,0,0,0,0,0,0,0,0,0,0,0,0,0,59,24,24,24,24,
24,24,24,24,59,0,0,0,0,0,0,0,0,0,0,0,0,0,0,0,0,0,0,0,0,0,0,0,0,0,0,0,0,0,0,59,24,24,24,24,
24,24,24,24,59,0,0,0,0,0,0,0,0,0,0,0,0,0,0,0,0,0,0,0,0,0,0,0,0,0,0,0,0,0,0,59,24,24,24,24,
24,24,24,24,59,0,0,0,0,0,0,0,0,0,0,0,0,0,0,0,0,0,0,0,0,0,0,0,0,0,0,0,0,0,0,59,24,24,24,24,
24,24,24,24,59,0,0,0,0,0,0,0,0,0,0,0,0,0,0,0,13,14,15,0,0,0,183,0,0,0,0,0,0,0,0,59,24,24,24,24,
24,24,24,24,59,0,0,0,0,0,0,0,0,0,0,0,0,0,0,0,0,0,0,0,0,0,205,0,0,13,14,15,13,14,15,59,24,24,24,24,
24,24,24,24,59,0,0,0,0,0,0,0,0,0,13,14,15,0,0,0,0,0,0,0,0,0,227,0,0,0,0,0,0,0,0,59,24,24,24,24,
24,24,24,24,59,186,187,0,0,0,0,0,0,0,0,0,0,0,0,0,0,0,0,0,0,0,183,0,0,0,0,0,0,0,0,59,24,24,24,24,
24,24,24,24,59,208,209,0,0,0,0,0,0,0,0,0,0,0,0,0,0,0,0,0,0,0,205,0,0,0,0,0,0,0,0,59,24,24,24,24,
24,24,24,24,59,183,184,185,183,184,185,183,184,185,0,0,0,183,184,185,183,184,185,183,184,185,183,183,184,185,183,184,185,183,184,59,24,24,24,24,
24,24,24,24,59,205,206,207,205,206,207,205,206,207,0,0,0,205,206,207,205,206,207,205,206,207,205,205,206,207,205,206,207,205,206,59,24,24,24,24,
24,24,24,24,59,227,228,229,227,228,229,227,228,229,0,0,0,227,228,229,227,228,229,227,228,229,227,227,228,229,227,228,229,227,228,59,24,24,24,24,
24,24,24,24,59,59,59,59,59,59,59,59,59,59,59,59,59,59,59,59,59,59,59,59,59,59,59,59,59,59,59,59,59,59,59,59,24,24,24,24,
24,24,24,24,24,24,112,24,24,24,24,24,24,24,24,24,24,24,24,24,24,24,24,24,112,112,112,24,24,24,24,24,24,112,24,24,24,24,24,24,
24,24,24,24,24,24,24,24,24,24,24,24,24,24,24,24,24,24,24,24,24,24,24,24,24,24,24,24,24,24,24,24,24,24,24,24,24,24,24,24,
24,24,24,24,24,24,24,24,24,24,24,24,24,24,24,24,24,24,24,24,24,24,24,24,24,24,24,24,24,24,24,24,24,24,24,24,24,24,24,24,
24,24,24,24,24,24,24,24,24,24,24,24,24,24,24,24,24,24,24,24,24,24,24,24,24,24,24,24,24,24,24,24,24,24,24,24,24,24,24,24
</data>
 </layer>
 <objectgroup id="2" name="Spawnpoints">
  <object id="13" name="Player" type="Player" x="160" y="192" width="37.64" height="44.66"/>
  <object id="17" name="Orange" type="Fruit" x="96" y="160" width="32" height="32"/>
  <object id="18" name="Melon" type="Fruit" x="144" y="112" width="32" height="32"/>
  <object id="19" name="Pineapple" type="Fruit" x="224" y="160" width="32" height="32"/>
  <object id="20" name="Strawberry" type="Fruit" x="272" y="128" width="32" height="32"/>
  <object id="21" name="Kiwi" type="Fruit" x="320" y="128" width="32" height="32"/>
  <object id="23" name="Saw" type="saw" x="336" y="208" width="32" height="32">
   <properties>
    <property name="isVertical" type="bool" value="true"/>
    <property name="offNeg" type="float" value="5"/>
    <property name="offPos" type="float" value="4"/>
   </properties>
  </object>
  <object id="24" name="Cherries" type="Fruit" x="400" y="128" width="32" height="32"/>
  <object id="25" name="Bananas" type="Fruit" x="464" y="208" width="32" height="32"/>
  <object id="26" name="Apple" type="Fruit" x="512" y="208" width="32" height="32"/>
  <object id="27" name="Checkpoint" type="Checkpoint" x="464" y="112" width="64" height="64"/>
 </objectgroup>
 <objectgroup id="3" name="Collisions">
  <object id="2" x="560" y="80" width="16" height="224"/>
  <object id="3" x="64" y="288" width="512" height="16"/>
  <object id="4" x="64" y="80" width="16" height="224"/>
  <object id="5" x="64" y="80" width="512" height="16"/>
  <object id="6" x="80" y="240" width="144" height="48"/>
  <object id="7" x="272" y="240" width="288" height="48"/>
  <object id="8" x="80" y="208" width="32" height="32"/>
  <object id="9" x="416" y="160" width="16" height="80"/>
  <object id="14" type="Platform" x="224" y="192" width="48" height="16"/>
  <object id="15" type="Platform" x="320" y="160" width="48" height="16"/>
  <object id="16" type="Platform" x="464" y="176" width="96" height="16"/>
 </objectgroup>
</map>
