<?xml version="1.0" encoding="UTF-8"?>
<map version="1.10" tiledversion="1.11.0" orientation="orthogonal" renderorder="right-down" width="40" height="23" tilewidth="16" tileheight="16" infinite="0" nextlayerid="4" nextobjectid="29">
 <tileset firstgid="1" source="pixel Adventure"/>
 <layer id="1" name="Background" width="40" height="23">
  <data encoding="csv">
24,24,24,24,24,24,24,24,24,24,24,24,24,24,24,24,24,24,24,24,24,24,24,24,24,24,24,24,24,24,24,24,24,24,24,24,24,24,24,24,
24,24,24,24,24,24,24,24,24,24,24,24,24,24,24,24,24,24,24,24,24,24,24,24,24,24,24,24,24,24,24,24,24,24,24,24,24,24,24,24,
24,24,24,24,24,24,24,24,24,24,112,24,24,24,24,24,24,24,24,24,24,24,24,24,24,24,24,24,24,24,24,24,24,24,24,24,24,24,24,24,
24,24,24,24,24,24,24,24,24,24,24,24,24,24,24,24,24,112,24,24,24,24,24,24,24,24,24,24,24,24,24,24,24,24,24,24,24,24,24,24,
24,24,24,24,24,124,125,124,125,124,125,124,125,124,125,124,125,124,125,124,125,124,125,124,125,124,125,124,125,124,125,124,125,124,125,24,24,24,24,24,
24,24,24,124,125,146,147,146,147,146,147,146,147,146,147,146,147,146,147,146,147,146,147,146,147,146,147,146,147,146,147,146,147,146,147,124,125,24,24,24,
24,24,24,146,147,0,0,0,0,0,0,0,0,0,0,0,0,0,0,0,0,0,0,0,0,0,0,0,0,0,0,0,0,0,0,146,147,24,24,24,
24,24,24,124,125,0,0,0,0,0,0,0,0,0,0,0,0,0,0,0,0,0,0,0,0,0,0,0,0,0,0,0,0,0,0,124,125,24,24,24,
24,24,24,146,147,0,0,0,0,0,0,0,0,0,0,0,0,0,0,0,0,0,0,0,0,0,0,0,0,0,0,0,0,0,0,146,147,24,24,24,
24,24,24,124,125,40,41,42,0,0,0,0,0,0,0,0,0,0,0,0,13,14,15,0,0,0,0,0,0,0,0,0,0,0,0,124,125,24,24,24,
24,24,24,146,147,0,0,0,0,0,0,0,0,0,0,0,0,0,0,0,0,0,0,0,0,0,0,0,0,0,0,0,0,0,0,146,147,24,24,24,
24,24,24,124,125,0,0,0,0,0,0,0,0,0,13,14,15,0,0,0,0,0,0,0,0,0,0,0,0,40,41,42,7,8,9,124,125,24,24,24,
24,24,24,146,147,40,41,42,0,0,0,0,0,0,0,0,0,0,0,0,0,0,0,0,40,41,42,0,0,0,0,0,51,52,53,146,147,24,24,24,
24,24,24,124,125,0,0,0,0,0,0,0,0,0,0,0,0,0,0,0,0,0,0,0,0,0,0,0,0,0,0,0,51,52,53,124,125,24,24,24,
24,24,24,146,147,53,0,0,0,0,0,0,0,0,0,0,0,0,0,0,0,0,0,0,0,0,0,0,0,0,0,0,51,52,53,146,147,24,24,24,
24,24,24,124,125,7,8,8,8,8,8,8,8,0,0,0,0,0,0,0,0,0,0,0,0,0,0,0,0,0,8,8,8,8,8,124,125,24,24,24,
24,24,24,146,147,30,30,30,30,30,30,30,30,0,0,0,0,0,0,0,0,0,0,0,0,0,0,0,0,0,30,30,30,30,30,146,147,24,24,24,
24,24,24,124,125,30,30,30,30,30,30,30,30,0,0,0,0,0,0,0,0,0,0,0,0,0,0,0,0,0,52,52,52,52,52,124,125,24,24,24,
24,24,24,146,147,124,125,124,125,124,125,124,125,124,125,124,125,124,125,124,125,124,125,124,125,124,125,124,125,124,125,124,125,124,125,146,147,24,24,24,
112,112,112,112,112,146,147,146,147,146,147,146,147,146,147,146,147,146,147,146,147,146,147,146,147,146,147,146,147,146,147,146,147,146,147,24,24,24,24,24,
112,112,112,112,112,112,112,24,24,24,24,24,24,24,24,24,24,24,24,24,24,24,24,24,24,24,24,24,24,24,24,24,24,24,24,24,24,24,24,24,
112,112,112,112,112,112,112,24,24,24,24,24,24,24,24,24,24,24,24,24,24,24,24,24,24,24,24,24,24,24,24,24,24,24,24,24,24,24,24,24,
112,112,112,112,112,112,112,24,24,24,24,24,24,24,24,24,24,24,24,24,24,24,24,24,24,24,24,24,24,24,24,24,24,24,24,24,24,24,24,24
</data>
 </layer>
 <objectgroup id="2" name="Spawnpoints">
  <object id="1" name="Player" type="Player" x="224" y="224" width="37.64" height="44.66"/>
  <object id="3" name="Checkpoint" type="Checkpoint" x="496" y="112" width="64" height="64"/>
  <object id="21" name="Apple" type="Fruit" x="96" y="160" width="32" height="32"/>
  <object id="22" name="Bananas" type="Fruit" x="96" y="112" width="32" height="32"/>
  <object id="23" name="Melon" type="Fruit" x="112" y="208" width="32" height="32"/>
  <object id="24" name="Apple" type="Fruit" x="224" y="128" width="32" height="32"/>
  <object id="25" name="Melon" type="Fruit" x="320" y="112" width="32" height="32"/>
  <object id="26" name="Apple" type="Fruit" x="336" y="240" width="32" height="32"/>
  <object id="27" name="Bananas" type="Fruit" x="432" y="240" width="32" height="32"/>
  <object id="28" name="Melon" type="Fruit" x="416" y="160" width="32" height="32"/>
 </objectgroup>
 <objectgroup id="3" name="Collisions">
  <object id="4" x="80" y="240" width="128" height="48"/>
  <object id="5" type="Platform" x="224" y="176" width="48" height="16"/>
  <object id="6" type="Platform" x="320" y="144" width="48" height="16"/>
  <object id="7" type="Platform" x="384" y="192" width="48" height="16"/>
  <object id="8" type="Platform" x="464" y="176" width="48" height="16"/>
  <object id="9" type="Platform" x="80" y="144" width="48" height="16"/>
  <object id="10" type="Platform" x="80" y="192" width="48" height="16"/>
  <object id="13" x="80" y="224" width="16" height="16"/>
  <object id="14" x="480" y="240" width="80" height="48"/>
  <object id="15" x="512" y="176" width="48" height="64"/>
  <object id="16" x="560" y="80" width="32" height="224"/>
  <object id="17" x="80" y="288" width="480" height="32"/>
  <object id="18" x="48" y="80" width="32" height="224"/>
  <object id="19" x="80" y="64" width="480" height="32"/>
 </objectgroup>
</map>
