<?xml version="1.0" encoding="UTF-8"?>
<map version="1.10" tiledversion="1.11.0" orientation="orthogonal" renderorder="right-down" width="40" height="23" tilewidth="16" tileheight="16" infinite="0" nextlayerid="4" nextobjectid="45">
 <tileset firstgid="1" source="pixel Adventure"/>
 <layer id="1" name="Background" width="40" height="23" offsetx="0.637959" offsety="0.637959">
  <properties>
   <property name="BackgroundColor" value="Gray"/>
  </properties>
  <data encoding="csv">
24,24,24,24,24,24,24,24,24,24,24,24,24,24,24,24,24,24,24,24,24,24,24,24,24,24,24,24,24,24,24,24,24,24,24,24,24,24,24,24,
24,24,24,24,24,24,24,24,24,24,24,24,24,24,24,24,24,24,24,24,24,24,24,24,24,24,24,24,24,24,24,24,24,24,24,24,24,24,24,24,
24,24,24,24,24,24,24,24,24,24,112,24,24,24,24,24,24,24,24,24,24,24,24,24,24,24,24,24,24,24,24,24,24,24,24,24,24,24,24,24,
24,24,24,24,24,24,24,24,24,24,24,24,24,24,24,24,24,112,24,24,24,24,24,24,24,24,24,24,24,24,24,24,24,24,24,24,24,24,24,24,
24,24,24,24,24,24,24,24,24,24,24,24,24,24,24,24,24,24,24,24,24,24,24,24,24,24,24,24,24,24,24,24,24,24,24,24,24,24,24,24,
24,24,24,24,152,152,152,152,152,152,152,152,152,152,152,152,152,152,152,152,152,152,152,152,152,152,152,152,152,152,152,152,152,152,152,152,24,24,24,24,
24,24,24,24,152,0,0,0,0,0,0,0,0,0,0,0,0,0,0,0,0,0,0,0,0,0,0,0,0,0,0,0,0,0,0,152,24,24,24,24,
24,24,24,24,152,0,0,0,0,0,0,0,0,0,0,0,0,0,0,0,0,0,0,0,0,0,0,0,0,0,0,0,0,0,0,152,24,24,24,24,
24,24,24,24,152,0,0,0,0,0,0,0,0,0,0,0,0,0,0,0,0,0,0,0,0,0,0,0,0,0,0,0,0,0,0,152,24,24,24,24,
24,24,24,24,152,40,41,42,0,0,0,0,0,0,0,0,0,0,0,0,13,14,15,0,0,0,0,0,0,0,0,0,0,0,0,152,24,24,24,24,
24,24,24,24,152,0,0,0,0,0,0,0,0,0,0,0,0,0,0,0,0,0,0,0,0,0,0,0,0,0,0,0,0,0,0,152,24,24,24,24,
24,24,24,24,152,0,0,0,0,0,0,0,0,0,13,14,15,0,0,0,0,0,0,0,0,0,0,0,0,40,41,42,7,8,9,152,24,24,24,24,
24,24,24,24,152,40,41,42,0,0,0,0,0,0,0,0,0,0,0,0,0,0,0,0,40,41,42,0,0,0,0,0,51,52,53,152,24,24,24,24,
24,24,24,24,152,0,0,0,0,0,0,0,0,0,0,0,0,0,0,0,0,0,0,0,0,0,0,0,0,0,0,0,51,52,53,152,24,24,24,24,
24,24,24,24,152,53,0,0,0,0,0,0,0,0,0,0,0,0,0,0,0,0,0,0,0,0,0,0,0,0,0,0,51,52,53,152,24,24,24,24,
24,24,24,24,152,7,8,8,8,8,8,8,8,0,0,0,0,0,0,0,0,0,0,0,0,0,0,0,0,0,8,8,8,8,8,152,24,24,24,24,
24,24,24,24,152,29,30,30,30,30,30,30,30,0,0,0,0,0,0,0,0,0,0,0,0,0,0,0,0,0,30,30,30,30,30,152,24,24,24,24,
24,24,24,24,152,51,52,52,52,52,52,52,52,0,0,0,0,0,0,0,0,0,0,0,0,0,0,0,0,0,52,52,52,52,52,152,24,24,24,24,
24,24,24,24,152,152,152,152,152,152,152,152,152,152,152,152,152,152,152,152,152,152,152,152,152,152,152,152,152,152,152,152,152,152,152,152,24,24,24,24,
24,24,24,24,24,24,112,24,24,24,24,24,24,24,24,24,24,24,24,24,24,24,24,24,112,112,112,24,24,24,24,24,24,112,24,24,24,24,24,24,
24,24,24,24,24,24,24,24,24,24,24,24,24,24,24,24,24,24,24,24,24,24,24,24,24,24,24,24,24,24,24,24,24,24,24,24,24,24,24,24,
24,24,24,24,24,24,24,24,24,24,24,24,24,24,24,24,24,24,24,24,24,24,24,24,24,24,24,24,24,24,24,24,24,24,24,24,24,24,24,24,
24,24,24,24,24,24,24,24,24,24,24,24,24,24,24,24,24,24,24,24,24,24,24,24,24,24,24,24,24,24,24,24,24,24,24,24,24,24,24,24
</data>
 </layer>
 <objectgroup id="2" name="Spawnpoints">
  <object id="4" name="Player" type="Player" x="222.648" y="223.285" width="37.6396" height="44.6571"/>
  <object id="24" name="Bananas" type="Fruit" x="96" y="112" width="32" height="32"/>
  <object id="25" name="Cherries" type="Fruit" x="96" y="160" width="32" height="32"/>
  <object id="26" name="Apple" type="Fruit" x="224" y="144" width="32" height="32"/>
  <object id="27" name="Kiwi" type="Fruit" x="320" y="112" width="32" height="32"/>
  <object id="28" name="Kiwi" type="Fruit" x="320" y="112" width="32" height="32"/>
  <object id="29" name="Orange" type="Fruit" x="304" y="208" width="32" height="32"/>
  <object id="30" name="Orange" type="Fruit" x="400" y="160" width="32" height="32"/>
  <object id="31" name="Apple" type="Fruit" x="480" y="208" width="32" height="32"/>
  <object id="36" name="Saw" type="Saw" x="160" y="160" width="32" height="32">
   <properties>
    <property name="isVertical" type="bool" value="true"/>
    <property name="offNeg" type="float" value="4"/>
    <property name="offPos" type="float" value="3"/>
   </properties>
  </object>
  <object id="37" type="Checkpoint" x="496" y="112" width="64" height="64"/>
  <object id="42" name="Bananas" type="Fruit" x="352" y="208" width="32" height="32"/>
  <object id="43" name="Chicken" type="Chicken" x="320" y="256" width="32" height="32">
   <properties>
    <property name="offNeg" type="float" value="8"/>
    <property name="offPos" type="float" value="9"/>
   </properties>
  </object>
 </objectgroup>
 <objectgroup id="3" name="Collisions">
  <object id="8" x="64" y="80" width="16" height="224"/>
  <object id="9" x="64" y="288" width="512" height="16"/>
  <object id="10" x="560" y="80" width="16" height="224"/>
  <object id="11" x="80" y="80" width="496" height="16"/>
  <object id="12" x="80" y="240" width="128" height="48"/>
  <object id="14" x="464" y="240" width="96" height="48"/>
  <object id="16" x="80" y="224"/>
  <object id="17" type="Platform" x="224" y="176" width="48" height="16"/>
  <object id="18" type="Platform" x="320" y="144" width="48" height="16"/>
  <object id="19" type="Platform" x="80" y="144" width="48" height="16"/>
  <object id="22" type="Platform" x="80" y="192" width="48" height="16"/>
  <object id="38" x="512" y="176" width="48" height="64"/>
  <object id="40" type="Platform" x="384" y="192" width="48" height="16"/>
  <object id="41" type="Platform" x="464" y="176" width="48" height="16"/>
 </objectgroup>
</map>
